%YAML:1.0
rgb_intrinsics: !!opencv-matrix
  rows: 3
  cols: 3
  dt: d
  data: [1039.7114637900604, 0.0, 937.6437462083773, 0.0, 1040.464051222892, 526.146628446275,0.0, 0.0, 1.0]
rgb_distortion: !!opencv-matrix
  rows: 1
  cols: 5
  dt: d
  data: [0.03666199674784466, -0.04875880560152857, 0.001252270119304726, 0.0016398656015473238,0.005500191769146791]
image_height: 1080
image_width: 1920
pattern_size: [9, 6]
rms: 0.3266234218997314
square_size: 0.098
